-0.876842
0.324308
-0.0428646
-0.0505627
0.37749
-0.653187
-0.231103
0.393552
-0.423301
0.682483
0.589042
0.184598
0.638933
-0.823666
0.426125
0.162504
0.0150634
-0.615443
-0.299059
-0.762917
-0.592761
0.314996
-0.677557
0.82515
0.315818
0.285719
-0.131376
-0.825703
0.0531714
0.328145
0.564553
0.129307
-0.854722
0.512314
-0.61545
-0.302259
0.689511
-0.149407
0.892761
0.513274
-0.119228
0.298795
0.0133909
-0.790587
0.785358
0.685175
0.568864
-0.139228
0.218586
0.387443
-0.663807
0.347705
0.841616
0.887283
0.186802
0.325734
-0.548727
0.531975
0.702973
-0.610591
0.130674
0.238362
0.241642
0.237879
0.784655
-0.781373
0.89316
-0.441212
0.644019
0.606306
-0.236086
0.210705
0.45623
0.00373611
0.285606
-0.488341
