0.30321
0.424375
0.916431
0.527157
0.284787
-0.848472
0.670644
-0.566683
0.274786
-0.165914
0.000213181
-0.262488
0.947695
0.953419
0.625112
0.277148
-0.853965
-0.181344
-0.807909
-0.245044
-0.51002
0.921264
0.688159
0.0482365
-0.408778
0.456518
0.786964
0.349304
0.285191
-0.23329
-0.774136
0.486129
0.807967
-0.742586
-0.692876
-0.0143299
0.557483
0.901305
-0.329365
0.843297
0.47028
0.59026
0.227554
-0.547912
0.181913
-0.51968
0.213796
0.235798
-0.0637125
0.136555
-0.74692
0.727434
0.0501815
0.253762
0.4858
0.507134
0.779515
0.715711
-0.074862
0.195458
0.872172
0.400444
-0.418688
-0.0689982
-0.861341
0.00322623
0.91853
-0.514339
0.700742
0.47413
-0.0436486
0.452574
-0.284525
0.829253
-0.646249
-0.234908
