90.7043 418.535
0.207188 0
90.7043 403.897
1.05731 0
90.7043 363.148
1.99 0
90.7043 311.813
1.97 0
90.7043 267.272
1.74063 0
90.7043 225.76
1.65013 0
94.9698 188.858
1.50506 12
101.207 149.344
1.90275 0
109.117 106.298
1.65275 34
138.923 86.2972
1.41275 76
170.699 78.3662
1.39044 78
212.142 79.4418
1.99 94
260.97 76.852
1.99 80
310.159 74.9087
1.99 92
359.556 76.6186
1.99 92
408.953 78.3286
1.99 90
458.276 75.5127
1.99 94
507.251 82.1618
1.99 96
554.219 81.2259
1.85763 88
596.731 79.729
1.64881 88
634.378 82.9242
1.39881 116
656.292 104.07
1.16931 142
670.764 129.084
1.34169 170
676.297 169.481
1.99 178
671.884 218.577
1.99 184
674.643 267.894
1.99 176
674.241 317.213
1.99 184
674.771 366.475
1.99 174
674.442 417.802
1.99 184
671.024 467.111
1.99 184
667.605 516.424
1.99 184
664.187 565.732
1.99 184
660.979 612.021
1.8 184
646.923 648.823
1.56 226
616.288 664.346
1.33038 250
584.228 670.535
1.50225 280
540.938 662.942
1.99 280
494.875 647.366
1.99 310
473.035 604.621
1.99 358
477.431 555.907
1.82 6
477.718 515.224
1.58 -8
472.825 480.406
1.34 -8
472.303 451.141
1.1 4
470.209 426.64
0.872001 -28
458.519 412.416
0.700376 -44
440.791 403.122
1.04925 -68
405.399 397.254
1.99 -84
354.188 392.578
1.99 -94
309.233 400.055
1.77 -100
270.114 406.939
1.53 -100
236.905 413.76
1.291 -114
216.342 436.057
1.38894 -162
217.576 478.622
1.99 -188
219.393 527.722
1.99 -178
217.746 574.092
1.8 -178
216.311 614.507
1.56 -178
204.431 646.081
1.32 -134
177.138 658.237
1.15094 -104
146.169 660.033
1.52494 -80
115.94 641.7
1.31425 -46
95.7929 619.855
1.06425 -26
91.334 595.257
1.11331 0
95.3685 563.657
1.23681 8
98.112 536.469
1.09175 -8
95.4164 512.506
0.88794 4
96.7452 493.499
0.670503 4
97.8038 478.357
0.670753 4
99.5339 453.612
0.242566 4
